335 3
1 75 10 11
2 58 94 71
3 93 20 82
4 114 108 81
5 84 23 24
6 83 98 84
7 81 108 67
8 83 25 26
9 83 26 27
10 102 103 72
11 3 100 2
12 89 88 63
13 15 16 90
14 98 27 96
15 112 68 98
16 68 112 111
17 103 8 72
18 34 35 74
19 17 78 16
20 114 23 84
21 21 82 20
22 25 83 24
23 24 83 84
24 98 83 27
25 48 49 85
26 113 44 45
27 32 63 88
28 88 89 31
29 76 91 77
30 90 64 91
31 107 28 105
32 98 96 70
33 112 70 55
34 68 84 98
35 1 100 101
36 2 100 1
37 72 66 102
38 58 71 103
39 8 103 71
40 89 63 104
41 70 112 98
42 55 111 112
43 46 113 45
44 84 68 114
45 108 114 68
46 90 16 115
47 78 16 115
48 103 102 116
49 58 103 116
50 58 100 117
51 100 101 118
52 102 66 120
53 56 65 121
54 11 12 122
55 11 75 123
56 75 72 124
57 66 77 124
58 66 72 124
59 54 36 125
60 54 47 125
61 74 36 126
62 74 73 126
63 33 34 127
64 34 74 127
65 32 59 128
66 32 33 128
67 48 73 129
68 48 85 129
69 85 62 130
70 73 59 131
71 32 59 132
72 85 86 133
73 85 49 133
74 86 42 133
75 28 107 135
76 107 97 136
77 96 70 136
78 97 70 136
79 40 51 137
80 51 52 137
81 52 39 137
82 39 40 137
83 74 73 138
84 73 59 138
85 50 42 139
86 49 50 139
87 52 39 140
88 38 39 140
89 53 38 140
90 52 53 140
91 37 53 141
92 53 38 141
93 58 117 116
94 102 117 116
95 100 118 117
96 102 118 117
97 101 119 118
98 102 119 118
99 102 120 119
100 65 120 119
101 66 121 120
102 65 121 120
103 11 123 122
104 77 123 122
105 75 124 123
106 77 124 123
107 36 126 125
108 47 126 125
109 74 128 127
110 33 128 127
111 74 128 138
112 59 128 138
113 85 130 129
114 73 130 129
115 73 131 130
116 62 131 130
117 62 132 131
118 59 132 131
119 42 133 139
120 49 133 139
121 107 136 135
122 96 136 135
123 47 48 142
124 48 73 142
125 46 60 143
126 63 32 144
127 51 41 145
128 50 51 145
129 50 42 145
130 41 42 145
131 86 42 146
132 43 86 146
133 73 126 142
134 47 126 142
135 32 132 144
136 46 132 144
137 63 144 143
138 46 144 143
139 57 64 147
140 64 92 147
141 54 36 149
142 36 37 149
143 37 53 149
144 53 54 149
145 51 41 150
146 40 51 150
147 57 134 148
148 67 134 148
149 92 148 147
150 57 148 147
151 7 8 151
152 8 71 151
153 71 94 152
154 5 94 153
155 5 6 153
156 6 7 153
157 3 94 154
158 3 4 154
159 4 5 154
160 5 94 154
161 81 93 155
162 67 81 155
163 93 79 155
164 67 79 155
165 82 93 156
166 81 93 156
167 80 82 157
168 80 23 158
169 114 23 158
170 81 114 158
171 93 20 159
172 19 20 159
173 93 79 159
174 19 78 160
175 90 64 161
176 64 92 161
177 100 3 162
178 58 100 162
179 94 58 162
180 3 94 162
181 90 115 161
182 92 115 161
183 71 152 151
184 7 152 151
185 94 153 152
186 7 153 152
187 82 157 156
188 81 157 156
189 80 158 157
190 81 158 157
191 79 159 160
192 19 159 160
193 90 15 164
194 90 91 164
195 91 76 164
196 76 15 164
197 76 12 165
198 12 13 165
199 13 14 165
200 14 76 165
201 75 10 166
202 9 10 166
203 99 87 167
204 60 87 167
205 99 87 169
206 87 110 169
207 55 70 170
208 110 55 170
209 97 70 171
210 61 108 172
211 61 109 172
212 108 67 173
213 44 113 174
214 43 86 174
215 43 44 174
216 27 28 175
217 96 27 175
218 66 77 176
219 77 91 176
220 78 17 178
221 17 18 178
222 18 19 178
223 19 78 178
224 14 76 179
225 76 15 179
226 66 121 177
227 57 121 177
228 109 134 173
229 67 134 173
230 28 135 175
231 96 135 175
232 60 143 168
233 63 143 168
234 75 163 166
235 9 163 166
236 99 168 167
237 60 168 167
238 110 169 171
239 97 169 171
240 70 171 170
241 110 171 170
242 108 173 172
243 109 173 172
244 91 177 176
245 66 177 176
246 76 12 180
247 76 77 180
248 82 21 181
249 21 22 181
250 80 82 182
251 12 122 180
252 77 122 180
253 82 182 181
254 22 182 181
255 64 91 183
256 57 64 183
257 101 119 184
258 65 119 184
259 75 72 185
260 72 8 185
261 69 99 186
262 104 69 186
263 63 104 187
264 69 107 188
265 107 97 188
266 69 99 189
267 61 108 190
268 108 68 190
269 111 68 190
270 111 61 190
271 105 107 191
272 105 106 191
273 69 95 192
274 69 107 192
275 95 29 193
276 106 29 193
277 62 132 194
278 46 132 194
279 113 46 194
280 62 113 194
281 89 104 196
282 30 31 196
283 31 89 196
284 29 30 197
285 95 29 197
286 109 134 198
287 56 134 198
288 104 69 199
289 69 95 199
290 57 134 200
291 56 134 200
292 85 62 201
293 85 86 201
294 62 113 202
295 78 115 203
296 92 115 203
297 79 92 204
298 67 79 205
299 79 92 205
300 35 74 206
301 74 36 206
302 56 121 200
303 57 121 200
304 92 148 205
305 67 148 205
306 78 160 204
307 79 160 204
308 75 163 185
309 8 163 185
310 99 168 187
311 63 168 187
312 99 169 189
313 97 169 189
314 113 174 202
315 86 174 202
316 91 177 183
317 57 177 183
318 104 187 186
319 99 187 186
320 69 189 188
321 97 189 188
322 106 192 193
323 95 192 193
324 106 192 191
325 107 192 191
326 95 195 199
327 104 195 199
328 95 195 197
329 30 195 197
330 104 196 195
331 30 196 195
332 62 202 201
333 86 202 201
334 92 204 203
335 78 204 203
