206
1 20.000 13.000
2 22.000 11.000
3 25.000 11.000
4 27.000 8.000
5 30.000 10.000
6 32.000 12.000
7 30.000 14.000
8 30.000 15.000
9 33.000 18.000
10 33.000 20.000
11 32.000 21.000
12 32.000 23.000
13 33.000 24.000
14 33.000 25.000
15 31.000 27.000
16 31.000 28.000
17 33.000 30.000
18 33.000 31.000
19 32.000 32.000
20 32.000 34.000
21 33.000 35.000
22 33.000 36.000
23 30.000 39.000
24 30.000 41.000
25 31.000 42.000
26 31.000 43.000
27 29.000 45.000
28 29.000 47.000
29 33.000 51.000
30 33.000 53.000
31 35.000 55.000
32 35.000 67.000
33 46.000 70.000
34 48.000 80.000
35 46.000 90.000
36 35.000 92.000
37 34.000 95.000
38 31.000 98.000
39 27.000 100.000
40 23.000 98.000
41 20.000 95.000
42 19.000 92.000
43 8.000 90.000
44 6.000 80.000
45 8.000 70.000
46 20.000 67.000
47 30.000 89.000
48 27.000 88.000
49 24.000 89.000
50 23.000 92.000
51 24.000 95.000
52 27.000 96.000
53 30.000 95.000
54 31.000 92.000
55 20.000 45.000
56 20.000 29.000
57 25.409 27.500
58 26.300 14.500
59 32.035 77.894
60 20.000 59.000
61 20.000 37.000
62 22.480 79.441
63 28.237 59.763
64 28.227 27.500
65 20.000 21.000
66 26.486 22.000
67 26.486 33.000
68 24.600 40.000
69 28.000 52.000
70 24.500 46.000
71 28.184 14.500
72 28.082 18.419
73 30.232 83.303
74 39.435 83.366
75 31.000 19.000
76 31.500 24.500
77 29.172 22.891
78 31.500 30.500
79 29.172 32.109
80 31.414 37.586
81 28.351 35.937
82 31.500 35.500
83 29.500 42.500
84 27.224 40.908
85 24.032 84.095
86 15.639 84.307
87 20.000 52.000
88 35.000 59.000
89 31.205 56.795
90 29.659 27.500
91 28.943 25.245
92 28.943 29.755
93 29.871 34.124
94 27.242 12.159
95 30.600 52.000
96 26.861 46.000
97 25.681 49.332
98 25.681 43.357
99 24.000 53.135
100 23.073 14.073
101 20.000 17.000
102 24.220 17.810
103 27.242 16.436
104 29.300 54.600
105 30.172 48.172
106 31.586 49.586
107 28.027 49.144
108 24.614 36.250
109 20.000 33.000
110 20.000 48.500
111 20.000 41.000
112 22.673 43.599
113 14.634 75.651
114 26.700 38.176
115 29.971 28.877
116 25.260 16.155
117 23.647 15.942
118 22.110 17.405
119 22.110 19.405
120 23.243 21.500
121 22.705 24.250
122 30.586 21.945
123 30.086 20.945
124 28.627 20.655
125 32.500 90.500
126 34.717 86.183
127 42.717 76.683
128 39.018 73.947
129 27.132 83.699
130 26.356 81.372
131 27.258 78.668
132 26.018 72.447
133 19.819 86.653
134 23.243 31.000
135 27.444 47.572
136 26.271 47.666
137 25.000 97.000
138 35.735 80.630
139 21.500 90.500
140 29.000 97.000
141 32.500 96.500
142 30.116 86.152
143 24.118 63.382
144 27.500 67.000
145 21.500 93.500
146 13.500 91.000
147 27.176 28.627
148 25.947 30.250
149 32.500 93.500
150 21.500 96.500
151 29.092 14.250
152 28.621 13.079
153 30.000 12.000
154 27.121 10.079
155 28.178 33.562
156 29.925 35.718
157 29.883 36.761
158 29.175 37.468
159 30.936 33.062
160 30.586 32.055
161 29.301 28.627
162 25.650 12.750
163 31.500 16.500
164 29.971 26.123
165 32.250 24.250
166 32.000 18.500
167 22.000 56.068
168 24.118 59.382
169 22.840 50.666
170 22.250 47.250
171 22.840 48.916
172 22.307 34.625
173 23.243 33.000
174 10.819 82.153
175 27.931 46.500
176 27.714 23.623
177 25.947 24.750
178 32.250 30.750
179 32.000 26.000
180 30.586 22.945
181 32.250 35.750
182 32.207 36.793
183 27.176 26.373
184 20.000 19.000
185 30.500 17.000
186 26.650 53.868
187 26.118 56.449
188 26.840 50.666
189 24.840 51.234
190 22.300 38.500
191 29.807 49.365
192 29.314 50.572
193 31.093 50.793
194 21.240 73.220
195 31.150 53.800
196 32.103 54.897
197 31.800 52.500
198 20.000 31.000
199 29.950 53.300
200 22.705 28.250
201 19.059 81.874
202 15.136 79.979
203 30.221 30.127
204 30.336 31.305
205 27.714 31.377
206 40.500 91.000
